0,465
0,464
0,463
0,462
0,461
0,460
0,459
0,458
0,457
0,456
0,455
0,454
0,453
0,452
0,451
0,450
0,449
0,448
0,447
0,446
0,445
0,444
0,443
0,442
0,441
0,440
0,439
0,438
0,437
0,436
0,435
0,434
0,433
0,432
0,431
0,430
0,429
0,428
0,427
0,426
0,425
0,424
0,423
0,422
0,421
0,420
0,419
0,418
0,417
0,416
0,415
0,414
0,413
0,412
0,411
0,410
0,409
0,408
0,407
0,406
0,405
0,404
0,403
0,402
0,401
0,400
0,399
0,398
0,397
0,396
0,395
28,3
28,2
28,1
28,0
0,394
0,393
0,392
0,391
0,390
27,3
27,2
0,389
27,1
27,0
26,3
26,2
26,1
26,0
0,388
0,387
0,386
0,385
0,278
0,384
0,319
0,318
0,317
0,316
17,2
17,1
17,3
15,2
15,1
15,3
16,2
16,1
16,3
13,2
14,2
4,16
4,17
4,40
4,4
4,72
4,9
4,7
4,89
4,77
4,1
4,22
4,2
4,3
6,6
6,1
6,4
6,2
6,3
7,7
7,8
7,4
7,11
7,9
7,1
7,6
7,2
7,3
5,4
5,2
5,1
5,3
25,3
25,2
0,283
25,1
25,0
24,3
24,2
0,9
24,1
